[gd_scene load_steps=4 format=2]

[ext_resource path="res://kart.tscn" type="PackedScene" id=2]
[ext_resource path="res://Track/Track.tscn" type="PackedScene" id=3]

[sub_resource type="PlaneShape" id=1]

[node name="Spatial" type="Spatial"]

[node name="RigidBody" type="RigidBody" parent="."]
transform = Transform( 1, 0, 0, 0, 1, 0, 0, 0, 1, 0, 5.78595, 0 )
mode = 1

[node name="CollisionShape" type="CollisionShape" parent="RigidBody"]
transform = Transform( 1, 0, 0, 0, 1, 0, 0, 0, 1, 0, -18.3337, 0 )
shape = SubResource( 1 )

[node name="StartLight" type="SpotLight" parent="."]
transform = Transform( 0.870828, -8.00901e-08, 0.491589, -0.491589, -1.41876e-07, 0.870828, 0, -1, -1.62921e-07, 200.363, 21.2064, -342.799 )
light_energy = 2.33
light_indirect_energy = 0.0
light_specular = 0.66
shadow_enabled = true
shadow_bias = 0.36
spot_range = 22.7

[node name="Track" parent="." instance=ExtResource( 3 )]
transform = Transform( 15, 0, 0, 0, 7.5, 0, 0, 0, 15, 0, 0, 0 )
data = {
"cells": PoolIntArray( 2, 0, 1048580, 9, 0, 6, -65532, 0, 655371, -65530, 0, 655370, -65529, 0, 655366, -65528, 0, 1048578, -65527, 0, 538312706, 3, 1, 655363, 9, 1, 6, -65530, 1, 655371, -65529, 1, 655366, -65527, 1, 655366, 6, 2, 655366, 9, 2, 6, -65531, 2, 2, -65530, 2, 1441798, -65529, 2, 655362, -65528, 2, 655363, 6, 3, 1048578, 7, 3, 1048582, 8, 3, 1048582, 9, 3, 655362, -65531, 3, 1048578, -65530, 3, 1048582, -65529, 3, 1048582, 4, 65515, 1048587, 5, 65515, 1048586, 6, 65515, 1441798, 7, 65515, 1441798, 8, 65515, 1441794, 65536, 65515, 2, 65537, 65515, 1441798, 65538, 65515, 1441798, 65539, 65515, 1441798, 1, 65516, 2, 2, 65516, 1441797, 8, 65516, 655366, 65536, 65516, 6, 1, 65517, 6, 4, 65517, 1048582, 5, 65517, 1048582, 6, 65517, 1048582, 7, 65517, 1048582, 8, 65517, 655362, 65536, 65517, 6, 1, 65518, 6, 4, 65518, 1441798, 5, 65518, 1441798, 6, 65518, 1441798, 7, 65518, 1441798, 8, 65518, 1441798, 65536, 65518, 1048578, 65537, 65518, 1441798, 65538, 65518, 1441794, 1, 65519, 6, 3, 65519, 3, 9, 65519, 1441795, 65536, 65519, 2, 65537, 65519, 1441798, 65538, 65519, 655362, 0, 65520, 11, 1, 65520, 6, 2, 65520, 6, 7, 65520, 1, 8, 65520, 538312706, 10, 65520, 655366, 0, 65521, 10, 1, 65521, 6, 2, 65521, 6, 7, 65521, 655363, 10, 65521, 537526278, 0, 65522, 537526278, 1, 65522, 536870918, 2, 65522, 537919490, 3, 65522, 537526273, 6, 65522, 536870913, 10, 65522, 537526278, 0, 65523, 537526278, 1, 65523, 536870918, 8, 65523, 536870913, 9, 65523, 537919494, 10, 65523, 537526274, 0, 65524, 655366, 1, 65524, 1048578, 2, 65524, 655361, 0, 65525, 6, 5, 65525, 0, 0, 65526, 6, 2, 65526, 2, 3, 65526, 537526273, 0, 65527, 6, 2, 65527, 6, 0, 65528, 6, 2, 65528, 1048578, 0, 65529, 6, 3, 65529, 1441795, 0, 65530, 6, 2, 65530, 2, 3, 65530, 537919494, 4, 65530, 655362, 0, 65531, 6, 2, 65531, 6, 4, 65531, 2, 5, 65531, 1441798, 6, 65531, 538312710, 7, 65531, 538312710, 8, 65531, 538312710, 9, 65531, 538312706, 0, 65532, 536870918, 2, 65532, 536870918, 5, 65532, 536870914, 6, 65532, 538312710, 7, 65532, 538312710, 8, 65532, 538312706, 9, 65532, 536870918, -65532, 65532, 536870923, 0, 65533, 536870918, 2, 65533, 536870918, 5, 65533, 655366, 8, 65533, 655366, 9, 65533, 6, -65532, 65533, 10, 0, 65534, 6, 2, 65534, 1048578, 3, 65534, 1048582, 4, 65534, 1048582, 5, 65534, 655362, 9, 65534, 536870918, -65532, 65534, 6, -65530, 65534, 2, -65529, 65534, 1441794, -65528, 65534, 11, 0, 65535, 6, 9, 65535, 6, -65532, 65535, 655370, -65530, 65535, 655366, -65529, 65535, 537526278, -65528, 65535, 10 )
}

[node name="Kart" parent="." instance=ExtResource( 2 )]
transform = Transform( 0.72511, 0, -0.688632, 0, 1, 0, 0.688632, 0, 0.72511, 93.9268, 1.95201, -164.483 )

[node name="DirectionalLight" type="DirectionalLight" parent="."]
transform = Transform( 1, 0, 0, 0, 1, 0, 0, 0, 1, 0, 300, -987.006 )
light_energy = 2.66
light_indirect_energy = 7.34
directional_shadow_depth_range = 1
directional_shadow_max_distance = 8192.0

[node name="Start1" type="Position3D" parent="."]
transform = Transform( -0.783889, 0, -0.620901, 0, 1, 0, 0.620901, 0, -0.783889, 74.6025, 2.52771, -156.538 )

[node name="Start2" type="Position3D" parent="."]
transform = Transform( -0.783889, 0, -0.620901, 0, 1, 0, 0.620901, 0, -0.783889, 83.8122, 2.52771, -155.635 )

[node name="Start3" type="Position3D" parent="."]
transform = Transform( -0.783889, 0, -0.620901, 0, 1, 0, 0.620901, 0, -0.783889, 83.5206, 2.52771, -164.758 )

[node name="Start4" type="Position3D" parent="."]
transform = Transform( -0.783889, 0, -0.620901, 0, 1, 0, 0.620901, 0, -0.783889, 92.2966, 2.52771, -163.555 )

[node name="Start5" type="Position3D" parent="."]
transform = Transform( -0.783889, 0, -0.620901, 0, 1, 0, 0.620901, 0, -0.783889, 92.2253, 2.52771, -172.346 )

[node name="Start6" type="Position3D" parent="."]
transform = Transform( -0.783889, 0, -0.620901, 0, 1, 0, 0.620901, 0, -0.783889, 101.233, 2.52771, -171.497 )

[node name="Start7" type="Position3D" parent="."]
transform = Transform( -0.783889, 0, -0.620901, 0, 1, 0, 0.620901, 0, -0.783889, 100.182, 2.52771, -178.648 )

[node name="Start8" type="Position3D" parent="."]
transform = Transform( -0.783889, 0, -0.620901, 0, 1, 0, 0.620901, 0, -0.783889, 108.635, 2.52771, -177.709 )
