[gd_scene load_steps=7 format=2]

[ext_resource path="res://Barrel.tscn" type="PackedScene" id=1]
[ext_resource path="res://kart.tscn" type="PackedScene" id=2]
[ext_resource path="res://Track/Track.tscn" type="PackedScene" id=3]

[sub_resource type="PlaneShape" id=1]

[sub_resource type="ProceduralSky" id=2]

[sub_resource type="Environment" id=3]
background_mode = 2
background_sky = SubResource( 2 )
fog_enabled = true
fog_depth_end = 300.0

[node name="Spatial" type="Spatial"]

[node name="RigidBody" type="RigidBody" parent="."]
transform = Transform( 1, 0, 0, 0, 1, 0, 0, 0, 1, 0, 16.1061, 0 )
mode = 1

[node name="CollisionShape" type="CollisionShape" parent="RigidBody"]
transform = Transform( 1, 0, 0, 0, 1, 0, 0, 0, 1, 0, -18.3337, 0 )
shape = SubResource( 1 )

[node name="StartLight" type="SpotLight" parent="."]
transform = Transform( 0.870828, -8.00901e-08, 0.491589, -0.491589, -1.41876e-07, 0.870828, 0, -1, -1.62921e-07, 200.363, 21.2064, -342.799 )
light_energy = 2.33
light_indirect_energy = 0.0
light_specular = 0.66
shadow_enabled = true
shadow_bias = 0.36
spot_range = 22.7

[node name="Track" parent="." instance=ExtResource( 3 )]
transform = Transform( 30, 0, 0, 0, 7.5, 0, 0, 0, 30, 0, 0, 0 )
data = {
"cells": PoolIntArray( 2, 0, 1048580, 9, 0, 6, -65532, 0, 655371, -65530, 0, 655370, -65529, 0, -2146828282, -65528, 0, 1048578, -65527, 0, 538312706, 3, 1, 655363, 9, 1, 6, -65530, 1, 537526283, -65529, 1, 655366, -65527, 1, 655366, 6, 2, -2146828282, 9, 2, 536870918, -65531, 2, 2, -65530, 2, 1441798, -65529, 2, 537526274, -65528, 2, 537526275, 6, 3, 1048578, 7, 3, -2146435066, 8, 3, 1048582, 9, 3, 655362, -65531, 3, 1048578, -65530, 3, 1074790406, -65529, 3, 537919494, 4, 65515, 537919499, 5, 65515, 1048586, 6, 65515, 1441798, 7, 65515, 1441798, 8, 65515, 1441794, 65536, 65515, -2147483646, 65537, 65515, 1441798, 65538, 65515, -2146041850, 65539, 65515, -2146041850, 1, 65516, 2, 2, 65516, 1441797, 8, 65516, 655366, 65536, 65516, 6, 1, 65517, 6, 4, 65517, 1048582, 5, 65517, 1048582, 6, 65517, 1048582, 7, 65517, 1048582, 8, 65517, -2146828286, 65536, 65517, 6, 1, 65518, 536870918, 4, 65518, -2146041850, 5, 65518, 1441798, 6, 65518, 1441798, 7, 65518, -2146041850, 8, 65518, 538312710, 65536, 65518, 1048578, 65537, 65518, 538312710, 65538, 65518, 538312706, 1, 65519, 6, 3, 65519, 536870915, 9, 65519, 1441795, 65536, 65519, 536870914, 65537, 65519, 538312710, 65538, 65519, 655362, 0, 65520, -2147483637, 1, 65520, 6, 2, 65520, 6, 7, 65520, 1, 8, 65520, 1441794, 10, 65520, 537526278, 0, 65521, 536870922, 1, 65521, 6, 2, 65521, 6, 7, 65521, 655363, 10, 65521, 655366, 0, 65522, 655366, 1, 65522, 6, 2, 65522, 1048578, 3, 65522, 655361, 6, 65522, 1, 10, 65522, 655366, 0, 65523, 655366, 1, 65523, 536870918, 8, 65523, 536870913, 9, 65523, 1048582, 10, 65523, 655362, 0, 65524, 537526278, 1, 65524, -2146435070, 2, 65524, 655361, 0, 65525, 6, 5, 65525, 536870912, 0, 65526, -2147483642, 2, 65526, 2, 3, 65526, -2146828287, 0, 65527, 6, 2, 65527, 536870918, 0, 65528, 6, 2, 65528, 1048578, 0, 65529, 6, 3, 65529, 538312707, 0, 65530, 6, 2, 65530, 536870914, 3, 65530, 1048582, 4, 65530, 655362, 0, 65531, 6, 2, 65531, 6, 4, 65531, -2147483646, 5, 65531, 538312710, 6, 65531, -2146041850, 7, 65531, -2146041850, 8, 65531, 1441798, 9, 65531, 538312706, 0, 65532, -2147483642, 2, 65532, 6, 5, 65532, 2, 6, 65532, 538312710, 7, 65532, 1441798, 8, 65532, 1441794, 9, 65532, 6, -65532, 65532, 536870923, 0, 65533, 536870918, 2, 65533, 6, 5, 65533, 537526278, 8, 65533, 655366, 9, 65533, 536870918, -65532, 65533, -2147483638, 0, 65534, 6, 2, 65534, 1611661314, 3, 65534, 1048582, 4, 65534, 1048582, 5, 65534, 537526274, 9, 65534, 6, -65532, 65534, 536870918, -65530, 65534, 2, -65529, 65534, 538312706, -65528, 65534, 11, 0, 65535, 536870918, 9, 65535, 6, -65532, 65535, -2146828278, -65530, 65535, 655366, -65529, 65535, 655366, -65528, 65535, 10 )
}

[node name="DirectionalLight" type="DirectionalLight" parent="."]
transform = Transform( 1, 0, 0, 0, 1, 0, 0, 0, 1, 0, 300, -987.006 )
light_energy = 2.66
light_indirect_energy = 7.34
directional_shadow_depth_range = 1
directional_shadow_max_distance = 8192.0

[node name="Start1" type="Position3D" parent="."]
transform = Transform( 0.668378, 0, -0.743822, 0, 1, 0, 0.743822, 0, 0.668378, 149.338, 2.52771, -312.672 )

[node name="Body" parent="Start1" instance=ExtResource( 2 )]

[node name="Start2" type="Position3D" parent="."]
transform = Transform( 0.668378, 0, -0.743822, 0, 1, 0, 0.743822, 0, 0.668378, 166.73, 2.52771, -311.263 )

[node name="Start3" type="Position3D" parent="."]
transform = Transform( 0.668378, 0, -0.743822, 0, 1, 0, 0.743822, 0, 0.668378, 166.439, 2.52771, -328.177 )

[node name="Start4" type="Position3D" parent="."]
transform = Transform( 0.668378, 0, -0.743822, 0, 1, 0, 0.743822, 0, 0.668378, 183.365, 2.52771, -326.133 )

[node name="Start5" type="Position3D" parent="."]
transform = Transform( 0.668378, 0, -0.743822, 0, 1, 0, 0.743822, 0, 0.668378, 184.133, 2.52771, -344.389 )

[node name="Start6" type="Position3D" parent="."]
transform = Transform( 0.668378, 0, -0.743822, 0, 1, 0, 0.743822, 0, 0.668378, 200.852, 2.52771, -342.225 )

[node name="Start7" type="Position3D" parent="."]
transform = Transform( 0.668378, 0, -0.743822, 0, 1, 0, 0.743822, 0, 0.668378, 199.108, 2.52771, -356.163 )

[node name="Start8" type="Position3D" parent="."]
transform = Transform( 0.668378, 0, -0.743822, 0, 1, 0, 0.743822, 0, 0.668378, 216.768, 2.52771, -353.701 )

[node name="WorldEnvironment" type="WorldEnvironment" parent="."]
environment = SubResource( 3 )

[node name="BarrelContainer" type="Spatial" parent="."]
transform = Transform( 1, 0, 0, 0, 1, 0, 0, 0, 1, 0, 16.1061, 0 )

[node name="Barrel1" parent="BarrelContainer" instance=ExtResource( 1 )]
transform = Transform( 1, 0, 0, 0, 1, 0, 0, 0, 1, 64.2497, -11.0677, -283.264 )

[node name="Barrel2" parent="BarrelContainer" instance=ExtResource( 1 )]
transform = Transform( 1, 0, 0, 0, 1, 0, 0, 0, 1, 62.6603, -11.0677, -279.14 )

[node name="Barrel3" parent="BarrelContainer" instance=ExtResource( 1 )]
transform = Transform( 1, 0, 0, 0, 1, 0, 0, 0, 1, 61.3903, -11.0677, -274.841 )

[node name="Barrel4" parent="BarrelContainer" instance=ExtResource( 1 )]
transform = Transform( 1, 0, 0, 0, 1, 0, 0, 0, 1, 61.3903, -11.0677, -272.791 )

[node name="Barrel5" parent="BarrelContainer" instance=ExtResource( 1 )]
transform = Transform( 1, 0, 0, 0, 1, 0, 0, 0, 1, 67.512, -11.0677, -287.131 )

[node name="Barrel6" parent="BarrelContainer" instance=ExtResource( 1 )]
transform = Transform( 1, 0, 0, 0, 1, 0, 0, 0, 1, 69.6253, -11.0677, -289.365 )

[node name="Barrel7" parent="BarrelContainer" instance=ExtResource( 1 )]
transform = Transform( 1, 0, 0, 0, 1, 0, 0, 0, 1, 73.1801, -11.0677, -292.715 )

[node name="Barrel8" parent="BarrelContainer" instance=ExtResource( 1 )]
transform = Transform( 1, 0, 0, 0, 1, 0, 0, 0, 1, 77.8857, -11.0677, -294.692 )

[node name="Barrel9" parent="BarrelContainer" instance=ExtResource( 1 )]
transform = Transform( 1, 0, 0, 0, 1, 0, 0, 0, 1, 81.6663, -11.0677, -296.238 )

[node name="Barrel10" parent="BarrelContainer" instance=ExtResource( 1 )]
transform = Transform( 1, 0, 0, 0, 1, 0, 0, 0, 1, 84.6736, -11.0677, -297.441 )
